5.184133e-01 
7.749940e-01 
8.529220e-01 
8.906609e-01 
9.129666e-01 
9.277068e-01 
9.381746e-01 
9.459932e-01 
9.520556e-01 
9.568941e-01 
9.608452e-01 
9.641327e-01 
9.669109e-01 
9.692895e-01 
9.713491e-01 
9.731498e-01 
9.747375e-01 
9.761478e-01 
9.774091e-01 
9.785436e-01 
9.795696e-01 
9.805020e-01 
9.813530e-01 
9.821328e-01 
9.828500e-01 
9.835118e-01 
9.841245e-01 
9.846932e-01 
9.852226e-01 
9.857166e-01 
9.861787e-01 
9.866118e-01 
9.870186e-01 
9.874013e-01 
9.877622e-01 
9.881030e-01 
9.884253e-01 
9.887306e-01 
9.890202e-01 
9.892952e-01 
9.895569e-01 
9.898061e-01 
9.900436e-01 
9.902703e-01 
9.904870e-01 
9.906942e-01 
9.908925e-01 
9.910826e-01 
9.912649e-01 
9.914399e-01 
9.916080e-01 
9.917697e-01 
9.919252e-01 
9.920750e-01 
9.922193e-01 
9.923585e-01 
9.924927e-01 
9.926224e-01 
9.927476e-01 
9.928686e-01 
9.929857e-01 
9.930990e-01 
9.932087e-01 
9.933150e-01 
9.934179e-01 
9.935178e-01 
9.936147e-01 
9.937087e-01 
9.938000e-01 
9.938887e-01 
9.939748e-01 
9.940586e-01 
9.941401e-01 
9.942194e-01 
9.942966e-01 
9.943717e-01 
9.944449e-01 
9.945162e-01 
9.945856e-01 
9.946534e-01 
9.947195e-01 
9.947839e-01 
9.948469e-01 
9.949083e-01 
9.949682e-01 
9.950268e-01 
9.950840e-01 
9.951399e-01 
9.951946e-01 
9.952480e-01 
9.953003e-01 
9.953514e-01 
9.954015e-01 
9.954504e-01 
9.954984e-01 
9.955453e-01 
9.955913e-01 
9.956363e-01 
9.956804e-01 
