20.615528
10.307764
5.153882
3.644345
2.881108
2.410508
2.087561
1.850425
1.667950
1.522623
1.403789
1.304531
1.220106
1.147122
1.083082
1.026117
0.974810
0.928086
0.885122
0.845288
0.808101
0.773187
0.740256
0.709079
0.679477
0.651304
0.624442
0.598794
0.574277
0.550822
0.528368
0.506860
0.486251
0.466498
0.447559
0.429399
0.411982
0.395277
0.379253
0.363882
0.349135
0.334988
0.321415
0.308392
0.295898
0.283911
0.272409
0.261374
0.250786
0.240627
0.230879
0.221527
0.212553
0.203943
0.195682
0.187756
0.180150
0.172853
0.165851
0.159133
0.152687
0.146502
0.140568
0.134874
0.129410
0.124168
0.119138
0.114313
0.109682
0.105239
0.100976
0.096886
0.092961
0.089196
0.085583
0.082116
0.078790
0.075598
0.072536
0.069598
0.066779
0.064074
0.061478
0.058988
0.056598
0.054306
0.052106
0.049995
0.047970
0.046027
0.044163
0.042374
0.040657
0.039010
0.037430
0.035914
0.034459
0.033063
0.031724
0.030439
0.029206
0.028023
0.026888
0.025799
0.024754
0.023751
0.022789
0.021866
0.020980
0.020130
0.019315
0.018532
0.017782
0.017061
0.016370
0.015707
0.015071
0.014461
0.013875
0.013313
0.012773
0.012256
0.011760
0.011283
0.010826
0.010388
0.009967
0.009563
0.009176
0.008804
0.008447
0.008105
0.007777
0.007462
0.007160
0.006870
0.006591
0.006324
0.006068
0.005822
0.005587
0.005360
0.005143
0.004935
0.004735
0.004543
0.004359
0.004183
0.004013
0.003851
0.003695
0.003545
0.003401
0.003264
0.003131
0.003004
0.002883
0.002766
0.002654
0.002546
0.002443
0.002344
0.002249
0.002158
0.002071
0.001987
0.001906
0.001829
0.001755
0.001684
0.001616
0.001550
0.001488
0.001427
0.001370
0.001314
0.001261
0.001210
0.001161
0.001114
0.001069
0.001025
