3.172061e-01
6.760629e-01
7.908817e-01
8.453033e-01
8.771775e-01
8.981391e-01
9.129805e-01
9.240432e-01
9.326085e-01
9.394367e-01
9.450080e-01
9.496401e-01
9.535523e-01
9.569003e-01
9.597980e-01
9.623305e-01
9.645628e-01
9.665453e-01
9.683177e-01
9.699117e-01
9.713530e-01
9.726625e-01
9.738575e-01
9.749524e-01
9.759592e-01
9.768883e-01
9.777482e-01
9.785464e-01
9.792893e-01
9.799825e-01
9.806308e-01
9.812384e-01
9.818090e-01
9.823460e-01
9.828521e-01
9.833301e-01
9.837821e-01
9.842102e-01
9.846164e-01
9.850021e-01
9.853690e-01
9.857184e-01
9.860515e-01
9.863693e-01
9.866731e-01
9.869635e-01
9.872416e-01
9.875081e-01
9.877637e-01
9.880090e-01
9.882447e-01
9.884713e-01
9.886893e-01
9.888992e-01
9.891015e-01
9.892965e-01
9.894847e-01
9.896664e-01
9.898419e-01
9.900115e-01
9.901756e-01
9.903344e-01
9.904881e-01
9.906370e-01
9.907813e-01
9.909212e-01
9.910570e-01
9.911887e-01
9.913166e-01
9.914409e-01
9.915617e-01
9.916791e-01
9.917932e-01
9.919043e-01
9.920124e-01
9.921177e-01
9.922202e-01
9.923201e-01
9.924175e-01
9.925124e-01
9.926050e-01
9.926953e-01
9.927834e-01
9.928695e-01
9.929535e-01
9.930355e-01
9.931157e-01
9.931940e-01
9.932706e-01
9.933455e-01
9.934187e-01
9.934903e-01
9.935604e-01
9.936290e-01
9.936961e-01
9.937619e-01
9.938263e-01
9.938894e-01
9.939512e-01

