20.615528
10.413020
5.716815
3.879287
3.010930
2.521223
2.201834
1.970168
1.789227
1.640729
1.514850
1.404422
1.304427
1.211779
1.124884
1.043045
0.965997
0.893640
0.825900
0.762676
0.703828
0.649178
0.598522
0.551638
0.508297
0.468268
0.431324
0.397248
0.365830
0.336873
0.310191
0.285611
0.262969
0.242117
0.222914
0.205230
0.188948
0.173955
0.160152
0.147442
0.135741
0.124968
0.115050
0.105919
0.097512
0.089773
0.082647
0.076087
0.070048
0.064488
0.059370
0.054657
0.050319
0.046325
0.042648
0.039263
0.036147
0.033278
0.030636
0.028205
0.025966
0.023905
0.022007
0.020261
0.018653
0.017172
0.015809
0.014554
0.013399
0.012335
0.011356
0.010455
0.009625
0.008861
0.008158
0.007510
0.006914
0.006365
0.005860
0.005395
0.004967
0.004573
0.004210
0.003875
0.003568
0.003285
0.003024
0.002784
0.002563
0.002360
0.002172
0.002000
0.001841
0.001695
0.001560
0.001437
0.001323
0.001218
0.001121
0.001032
